                     1 1 1 1 1
0 1 2 3 4 5 6 7 8 9 0 1 2 3 4
9 8 7 6 5 4 3 2 1 1 1 1 1 1 1
[9,0][ , ][ , ][ , ][ , ][ , ][ , ][ , ][ , ][ , ][ , ][ , ]
[9,0][8,1][ , ][ , ][ , ][ , ][ , ][ , ][ , ][ , ][ , ][ , ]
[9,0][8,1][7,2][ , ][ , ][ , ][ , ][ , ][ , ][ , ][ , ][ , ]
[9,0][8,1][7,2][6,3][ , ][ , ][ , ][ , ][ , ][ , ][ , ][ , ]
[9,0][8,1][7,2][6,3][5,4][ , ][ , ][ , ][ , ][ , ][ , ][ , ]
[9,0][8,1][7,2][6,3][5,4][4,5][ , ][ , ][ , ][ , ][ , ][ , ]
[9,0][8,1][7,2][6,3][5,4][4,5][3,6][ , ][ , ][ , ][ , ][ , ]
[9,0][8,1][7,2][6,3][5,4][4,5][3,6][2,7][ , ][ , ][ , ][ , ]
[9,0][8,1][7,2][6,3][5,4][4,5][3,6][2,7][1,8][ , ][ , ][ , ]
[9,0][8,1][7,2][6,3][5,4][4,5][3,6][2,7][1,9][ , ][ , ][ , ]
[9,0][8,1][7,2][6,3][5,4][4,5][3,6][2,7][1,10][ , ][ , ][ , ]
[9,0][8,1][7,2][6,3][5,4][4,5][3,6][2,7][1,11][ , ][ , ][ , ]
[9,0][8,1][7,2][6,3][5,4][4,5][3,6][2,7][1,11][1,12][1,13][1,14]

          11111
012345678901234
811111111111119

          11111
012345678901234
234234234234278

          11111
012345678901234
818181911112111